"Graded.Index"	"Peak.Current"	"SS.Current"	"Branch.Number"	"SGN.Type"	"Spike.Type"	"MP.Classification"	"Age"	"CDR"	"AP.Latency.threshold"	"AHP.tau"	"Current.Threshold"	"Voltage.Threshold"	"Vm"	"AP.Height"	"Rin"	"ss.30"	"ss.max"	"g.30"	"gmax"	"Vmid"	"g30.gmax"	"Outward.inactivation.tau"	"AP.Latency"
"1"	0.734863298	NA	NA	NA	""	"Graded"	""	3	NA	18.7	11.87	30	NA	-45.06836038	20.6787114	0.324605313	565.1855469	3182.983398	9.872236627	23.20805655	-17.61533823	0.425379721	112.92	NA
"2"	1.809692423	NA	NA	10	""	"Transient"	""	2	NA	14.3	15.64	30	-18.82934612	-41.35131928	32.89794995	0.395202646	173.9501953	1469.116211	3.038431359	10.71175304	-12.69545678	0.283653978	108.9	NA
"3"	2.325439505	NA	NA	NA	""	"Intermediate"	""	2	NA	13.5	31.85	30	-35.7055672	-50.29296987	38.90991298	0.641886408	288.6962891	1805.419922	5.04272994	13.16384109	-11.87969681	0.383074355	151.41	NA
"4"	3.094482491	NA	NA	NA	""	"Intermediate"	""	2	NA	15.1	18.64	40	-34.33227616	-51.84936639	44.95239358	0.239054367	245.3613281	1453.857422	4.285787391	10.60049678	-29.42363303	0.404300617	NA	NA
"5"	3.695678794	NA	NA	NA	""	"Intermediate"	""	2	NA	22.7	25.07	20	-33.02002027	-50.96435661	46.26464947	0.504557303	256.3476563	1611.938477	4.477688319	11.75311167	-13.67462077	0.380978965	100.03	NA
"6"	3.713989341	NA	NA	NA	""	"Slow"	""	2	NA	21.6	16.65	20	-35.00366289	-49.28588977	44.89135843	0.998433453	153.1982422	974.7314453	2.675951829	7.107050107	-14.97466896	0.376520749	NA	NA
"7"	3.649902425	NA	NA	8	""	"Slow"	""	3	NA	24.5	22.42	20	-31.95190501	-53.86352659	51.05590934	0.95469159	223.3886719	2285.766602	3.901985535	16.66618826	-2.840020364	0.234125853	240.49	NA
"8"	0.842285175	NA	NA	7	""	"Graded"	""	3	NA	15.3	NA	30	NA	-47.11914168	23.43750052	0.868733743	211.7919922	1298.828125	3.699423444	9.470133141	-12.64338659	0.390641123	117.21	NA
"9"	1.837158244	NA	NA	NA	""	"Intermediate"	""	3	NA	22.7	23.93	30	-34.72900468	-52.88696407	40.4663095	0.577799492	368.6523438	2691.040039	6.439342249	19.62115461	-8.081209951	0.328183656	94.66	NA
"10"	1.763916055	NA	NA	6	""	"Intermediate"	""	4	NA	19.2	18.65	30	-28.68652408	-53.80249144	44.28100685	0.641377781	268.5546875	2025.756836	4.690911572	14.77038153	-9.870783551	0.317589059	92.92	NA
"11"	2.301025442	NA	NA	5	""	"Intermediate"	""	4	NA	15.6	18.05	30	-35.79711994	-55.17578248	42.57202244	0.434875498	353.3935547	2777.709961	6.172813182	20.25309019	-8.613364259	0.30478377	150.71	NA
"12"	0.424194345	NA	NA	4	""	"Graded"	""	5	NA	18.3	NA	70	-26.58081114	-29.35791081	24.71923883	0.436401377	122.0703125	1563.720703	2.132232533	11.40154187	2.103544169	0.187012648	134.45	NA
"13"	0.454711924	NA	NA	NA	""	"Transient"	""	2	NA	9.4	5.2	110	-35.15625079	-44.89135843	30.42602607	0.22074382	459.5947266	2567.749023	8.027855486	18.72220401	-26.75943431	0.42878795	135.33	NA
"14"	1.980590865	NA	NA	12	""	"Intermediate"	""	3	NA	21.3	31.5	30	-31.49414133	-52.03247187	39.91699308	0.585937513	300.2929688	1882.324219	5.245292031	13.72457265	-13.95640916	0.38218254	68.66	NA
"15"	0.613403334	NA	NA	7	""	"Graded"	""	3	NA	23	NA	50	NA	-46.20361431	30.15136786	0.889078796	130.6152344	950.9277344	2.28148881	6.933490336	-10.29677083	0.329053435	94.28	NA
"16"	2.185058643	NA	NA	6	""	"Transient"	""	3	NA	29.5	24.9	30	-20.62988327	-50.14038198	41.01562592	0.502522798	169.6777344	1228.027344	2.963803221	8.953904079	-11.22399554	0.331006809	83.1	NA
"17"	4.653930768	NA	NA	NA	""	"Transient"	""	5	NA	15.7	17.43	30	-39.48974698	-58.99047983	62.89672992	1.126098658	378.4179688	2473.144531	6.609920852	18.03241517	-8.356259861	0.366557712	312.77	NA
"18"	2.941894597	NA	NA	NA	""	"Transient"	""	9	NA	17.8	15.2	40	-35.46142657	-56.79321416	49.65210072	0.656127944	338.1347656	3277.587891	5.906284116	23.89784538	-4.062403342	0.247147139	143.16	NA
"19"	1.232910184	NA	NA	NA	""	"Transient"	""	9	NA	7.5	7.41	140	-50.78125114	-55.81665164	36.89575278	0.194295252	554.1992188	2633.666992	9.680335699	19.20283106	-47.09437194	0.504109819	NA	NA
"20"	0.668334976	NA	NA	NA	""	"Transient"	""	3	NA	7.7	7.86	120	-46.29516705	-52.45971797	33.44726637	0.194295252	593.8720703	3533.935547	10.37331127	25.76695061	-33.14614536	0.402582029	NA	NA
"21"	1.479492221	NA	NA	9	""	"Transient"	""	6	NA	21.2	14.66	50	-26.74560607	-53.9428723	46.3134776	0.671793635	222.7783203	2468.87207	3.891324372	18.00126342	-1.320315449	0.216169514	124.71	NA
"22"	3.765258873	NA	NA	3	""	"Transient"	""	6	NA	17.7	13.95	40	-41.55883882	-65.92407374	56.93969854	0.395304371	446.7773438	3328.857422	7.80397107	24.27166643	-2.356436158	0.321525969	NA	NA
"23"	1.350097686	NA	NA	5	""	"Slow"	""	6	NA	14.2	9.51	20	-23.72436576	-41.93115328	34.06982498	0.214335128	436.4013672	4741.821289	7.622731305	34.57399642	1.946161393	0.220475852	237.15	NA
"24"	2.42431646	NA	NA	NA	""	"Transient"	""	9	NA	14.9	16.76	60	-60.1379408	-64.61181785	45.29419047	0.237833664	405.2734375	2993.164063	7.079012009	21.82402863	-8.091321433	0.324367793	194.69	NA
"25"	2.68737799	NA	NA	2	""	"Transient"	""	9	NA	11.9	8.9	40	-42.12646579	-57.40966925	37.69531334	0.244344081	878.90625	5117.797852	15.35207424	37.31535075	-19.66869868	0.411414443	188.22	NA
"26"	2.67578131	NA	NA	1	""	"Transient"	""	9	NA	9.3	4.66	50	-42.74292088	-57.81250129	37.96386804	0.231221522	271.6064453	2321.166992	4.744217385	16.92430279	NA	0.280319813	NA	NA
"27"	2.268066457	NA	NA	3	""	"Transient"	""	6	NA	13.4	11.57	40	-57.64770637	-61.12060683	42.32788181	0.60597739	607.2998047	3950.805664	10.60785685	28.80647172	-15.54113823	0.368245613	207.26	NA
"28"	2.651977598	NA	NA	4	""	"Transient"	""	6	NA	19.4	12.18	40	-30.51757881	-56.51855595	43.84155371	0.502726248	469.3603516	5461.425781	8.198434088	39.8208418	7.492619979	0.205882993	263.62	NA
"29"	3.524170001	NA	NA	5	""	"Slow"	""	7	NA	15.1	11.62	30	-43.86596778	-61.54174942	44.60449318	0.310465502	920.4101563	5956.420898	16.0770333	43.42999498	-11.33396975	0.370182711	263.24	NA
"30"	2.727050842	NA	NA	6	""	"Transient"	""	7	NA	12.1	12.04	40	-37.37182701	-49.26757923	32.92846753	0.108642581	808.1054688	5131.225586	14.11537937	37.41325626	-29.9802464	0.377282835	152.83	NA
"31"	4.51746121	NA	NA	NA	"Type I"	"Transient"	"M"	6	NA	NA	9	40.48306142	-44.86084085	-70.83130041	64.05639792	0.796882276	341.796875	2485.961914	5.970251092	18.12587043	251.893438	0.329377346	NA	25
"32"	0.77677041	1201.2	1038.2	11	"Type I"	"Graded"	"P"	1	0	35.4	NA	20.20239641	-22.43	-38.20800867	18.64624065	0.845064951	211.1816406	2581.176758	3.688762281	18.82010952	20.70475895	0.196001106	132.5	19.7
"33"	0.792264894	1362	946	NA	"Type II"	"Graded"	"T"	1	NA	37.1	NA	20.21077378	NA	-55.60302859	32.80639722	1.620388601	169.0673828	1178.588867	2.953142058	8.593433784	-13.27852422	0.343650994	NA	20.9
"34"	0.366183154	NA	NA	NA	"Type II"	"Graded"	"T"	3	NA	NA	NA	100.8999646	-2.441406305	-9.735107639	29.38842839	0.282628209	62.86621094	1008.300781	1.098099754	7.351813884	-58.99319771	0.149364466	NA	NA
"35"	0.653166805	6480.1	5607.3	2	"Type I"	"Graded"	"M"	8	0.44	7.9	NA	130.9780881	-58.99047983	-63.81225729	30.60913154	0.285977791	1509.399414	6287.841797	26.36505527	45.84648103	-29.64430888	0.575072605	171.5	6.9
"36"	1.281165321	2412	2111	NA	"Type II"	"Graded"	"T"	5	NA	19.2	NA	40.40359604	-33.44726637	-58.7463392	40.00854582	0.782446121	442.5048828	3516.845703	7.729342931	25.64234359	-4.735383764	0.301428881	NA	17.9
"37"	0.658540099	NA	NA	NA	""	"Graded"	""	6	NA	23.4	10.03	20.15548311	-43.24	-58.41064584	20.56884812	0.788449139	167.2363281	1203.613281	2.921158569	8.775894056	-16.26095071	0.332861649	NA	10.7
"38"	0.54719707	6585.1	5783.1	2	"Type I"	"Graded"	"M"	10	0.52	8.8	NA	70.5482599	-53.16162228	-57.52563605	20.72143601	0.29047485	1043.09082	4955.444336	18.21992699	36.13158411	-24.30342426	0.504265933	289.94	8.4
"39"	1.03	1769.4	1639.4	3	"Type I"	"Transient"	"P"	10	-0.15	10.1	8.65	40.47300857	-48.86	-58.96	37.05	0.266922782	377.8076172	2080.078125	6.599259689	15.16645383	-19.94738724	0.43512213	NA	10.1
"40"	1.122614432	NA	NA	NA	""	"Transient"	""	2	NA	28.8	16.35	20.13154776	-32.19604564	-49.65210072	31.55517649	1.996919747	85.44921875	891.7236328	1.492562773	6.501816034	-35.31235395	0.229560905	69.57	28.3
"41"	0.664871629	NA	NA	NA	""	"Graded"	""	2	NA	26.6	NA	19.99176529	NA	-47.57690536	19.31762738	1.416327478	125.7324219	1428.833008	2.196199509	10.41803651	-11.65326364	0.210807431	NA	13
"42"	1.244753188	NA	NA	NA	""	"Transient"	""	9	NA	10.2	12.07	80.7102539	-63.29345845	-67.84057769	34.97314531	0.549024885	1324.462891	7341.308594	23.13472299	53.52761345	-14.14871283	0.432201653	325.97	NA
"43"	0.500311084	NA	NA	NA	""	"Transient"	""	9	NA	7.9	7.14	100.8152334	-53.07006955	-56.42700321	27.61840882	0.229853828	1324.462891	6211.547852	23.13472299	45.29019971	-17.9177261	0.510810797	246.85	NA
"44"	2.308508759	2733.4	2382.8	4	"Type I"	"Transient"	"P"	5	-0.27	25.3	19.72	20.12891487	-30.18188544	-49.01123156	31.37207101	0.483286687	230.1025391	3826.904297	4.019258325	27.90307086	4.485427276	0.144043584	183.85	24.2
"45"	2.204089883	4662.5	3581.5	2	"Type I"	"Transient"	"M"	6	0.07	17.1	9.65	50.40594123	-61.4929213	-62.86621234	47.0886241	0.461039595	639.0380859	4561.157227	11.16223731	33.25672226	-9.398936208	0.335638528	262.74	8.6
"46"	0.833178356	NA	NA	NA	"Type I"	"Intermediate"	"P"	2	NA	19.4	23.66	30.39191607	-31.12793038	-46.41723737	21.82006885	0.548688561	391.2353516	1746.21582	6.833805268	12.73216678	-19.39362487	0.53673545	109.04	17.9
"47"	0.446114129	NA	NA	1	"Type I"	"Graded"	"M"	9	0.31	8.6	NA	100.9315592	-61.52343888	-64.91089012	26.58081114	0.642164831	1179.80957	6095.581055	20.60802742	44.44465211	-15.15584526	0.46367845	117.34	10.8
"48"	1.388	NA	NA	NA	"Type I"	"Slow"	"M"	4	NA	15.7	25.2	20.07529967	-34.30175858	-44.67773537	41.87011812	0.15248496	354.0039063	2946.777344	6.183474346	21.48580959	-10.32917858	0.287793407	380.3	15
"49"	4.525115279	NA	NA	NA	"Type I"	"Intermediate"	"M"	4	NA	18	21.74	30.28133473	-41.56494234	-61.15722793	65.15503075	0.879985199	180.0537109	2987.060547	3.145042985	21.77952613	7.31113548	0.144403646	276.1	15.1
"50"	0.435010266	1695	1376	NA	"Type II"	"Graded"	"T"	1	NA	13.3	NA	141.12237	-17.70019571	-32.40966869	43.02978612	0.222318965	176.3916016	1572.875977	3.08107601	11.46829564	-17.44883464	0.268660323	95.81	10.4
"51"	1.194000083	2810.4	2143.6	4	"Type I"	"Transient"	"M"	3	0	27.6	14.89	20.21197055	-41.47	-48.30932725	24.99389704	1.656123797	216.0644531	2513.427734	3.774051583	18.32613171	-0.617775215	0.205938255	86.5	22.5
"52"	1.696014282	3239.7	2600.7	7	"Type I"	"Intermediate"	"P"	3	-0.25	35.6	30.74	20.09803826	-50.87	-58.5	45.07	0.938896114	302.1240234	3319.091797	5.277275518	24.20046242	2.364187771	0.218065069	88.53	24.6
"53"	0.558038871	NA	NA	NA	""	"Graded"	""	3	NA	18.5	NA	30.31364746	-40.03906339	-57.18994268	44.70825295	1.72849752	131.8359375	2169.189453	2.302811135	15.81619041	-1.637579661	0.145598344	NA	NA
"54"	1.05476513	NA	NA	3	"Type I"	"Intermediate"	"M"	3	NA	NA	30	30.16548761	-22.43042042	-43.88427832	27.31323303	0.35941177	151.3671875	3261.108398	2.643968341	23.77768861	-1.17422744	0.111195347	NA	23.1
"55"	0.56	6905.5	5856.8	1	"Type I"	"Transient"	"M"	10	0.32	7.7	3.93	130.2820528	-53.31	-61.79809708	22.64	0.216782939	1503.90625	7632.446289	26.2691048	55.65038296	-28.14700775	0.472038168	NA	7.1
"56"	0.772493238	NA	NA	NA	""	"Transient"	""	5	NA	16.2	16.47	50.58114803	-23.28491263	-46.72241315	26.91650451	0.311060641	332.6416016	3242.797852	5.810333652	23.6441811	-5.562333652	0.245740532	72.26	15.3
"57"	3.50028872	2211	2076	NA	"Type II"	"Transient"	"T"	8	NA	13	16.11	70.68277659	-60.54687635	-63.17138813	57.67822395	0.470935571	375.3662109	5517.578125	6.556615038	40.23026485	3.931077084	0.162977178	NA	12.4
"58"	2.227513015	NA	NA	NA	""	"Transient"	""	2	NA	20.5	27.99	30.35266208	-32.62329174	-57.83081184	42.0532236	0.986883781	276.4892578	1577.148438	4.829506686	11.49944739	-12.65337235	0.419977284	114.63	19.4
"59"	0.963852607	NA	NA	NA	""	"Graded"	""	2	NA	21.5	NA	20.08942153	NA	-45.34912211	25.72631893	1.731141306	120.8496094	1740.112305	2.110910208	12.68766428	-3.835605469	0.166375005	80.25	15.1
"60"	0.487829244	NA	NA	NA	""	"Graded"	""	7	NA	10.6	NA	100.7927342	-55.75561648	-61.43188614	27.77099671	0.27558728	830.6884766	4736.938477	14.50984239	34.53839442	-16.59347511	0.420107612	198.95	9
"61"	1.29	NA	NA	1	"Type I"	"Transient"	"M"	7	NA	11.5	11	40.37750651	-32.2570808	-45.37963969	21.91162158	0.297917848	646.9726563	5015.869141	11.30083242	36.57215891	-4.408756677	0.309000966	407.74	8.4
"62"	2.09195377	NA	NA	NA	""	"Transient"	""	6	NA	39.9	10.51	40.51704962	-37.53662193	-55.20630006	38.23852625	0.604081866	291.7480469	4573.974609	5.096035754	33.35017752	1.02729999	0.152803857	278.93	14.5
"63"	1.654105629	5013.4	4338	1	"Type I"	"Transient"	"M"	6	0.19	16.5	14.93	50.61154593	-39.85595792	-56.76269658	41.74804781	0.551236702	505.3710938	4053.955078	8.827442686	29.55856406	-10.03671162	0.298642474	91.21	13.9
"64"	0.806108595	NA	NA	NA	""	"Graded"	""	6	NA	14.5	NA	30.2526123	NA	-57.98339973	20.14160201	0.756785386	522.4609375	3496.704102	9.12595524	25.49548533	-12.26958345	0.35794397	193.65	10.5
"65"	2.25636966	NA	NA	NA	""	"Transient"	""	6	NA	29.3	18.18	20.10162856	-35.58349689	-55.48095827	36.65161215	0.453491443	NA	NA	NA	NA	NA	NA	168.72	31
"66"	2.210425777	NA	NA	NA	""	"Transient"	""	6	NA	31.5	34.64	30.2959353	-33.66088942	-60.45532362	50.78125114	1.223321739	140.9912109	2647.094727	2.462728575	19.30073658	10.92455656	0.127597647	175.78	NA
"67"	2.567556633	5227.1	4705.2	4	"Type I"	"Transient"	"M"	7	0.24	16.2	9.14	50.54356952	-40.86303802	-61.24878067	44.52514748	0.410856847	363.1591797	4059.448242	6.343391785	29.59861632	-10.71946969	0.214313795	268.48	15.4
"68"	4.446536816	NA	NA	NA	""	"Transient"	""	9	NA	7.1	6.38	90.75185307	-62.65258929	-66.86401517	66.80298001	0.279578045	NA	NA	NA	NA	NA	NA	NA	NA
"69"	4.674891355	NA	NA	NA	"Type I"	"Intermediate"	"M"	4	NA	21.3	26.63	30.34548148	-37.75024498	-57.12890753	62.22534319	0.8839457	276.4892578	2666.625977	4.829506686	19.4431446	-6.947179469	0.248391234	172.57	20.5
"70"	0.449789081	5774	5127	NA	"Type II"	"Transient"	"T"	8	NA	7.8	9.66	60.53705863	-49.13330188	-55.48095827	24.6276861	0.262838433	886.2304688	6909.790039	15.48000819	50.38128632	-6.02864827	0.307257105	260	6.9
"71"	1.505125921	3601.7	3157.3	4	"Type I"	"Intermediate"	"P"	5	-0.14	15.7	19.36	40.26668582	-31.49414133	-53.16162228	40.55786223	0.341929958	396.7285156	4268.188477	6.929755731	31.120602	0.067384671	0.222674219	169.99	16.3
"72"	3.131221609	3849.5	3381.3	4	"Type I"	"Intermediate"	"P"	5	-0.2	22.6	54.35	20.11263883	-34.33227616	-56.85424932	42.51098728	0.583170846	399.1699219	4622.192383	6.972400383	33.70174731	3.024461781	0.206885427	170.9	22.6
"73"	4.565371344	NA	NA	NA	"Type I"	"Transient"	"M"	10	NA	11.8	8.71	80.86703047	-56.94580205	-58.95996226	62.3474135	0.19721708	956.4208984	7127.075195	16.70604189	51.96557551	4.470345354	0.321482861	293.18	10.8
"74"	4.905828979	NA	NA	NA	"Type I"	"Intermediate"	"M"	7	NA	10.2	6.41	40.3770278	-58.22754036	-62.04223771	67.99316558	0.529118173	439.453125	3909.912109	7.676037118	28.50830493	2.598314528	0.269256174	NA	8.2
"75"	1.931772584	NA	NA	NA	""	"Transient"	""	7	NA	12.7	16.76	50.41719085	-60.94360488	-62.5000014	45.56274516	0.526403505	484.6191406	3990.478516	8.464963155	29.09573801	-4.559789756	0.290934815	136.2	11.8
"76"	0.202839526	NA	NA	NA	""	"Graded"	""	12	NA	4.9	NA	151.190298	-55.51147585	-62.86621234	17.8527836	0.196932478	1489.257813	5803.833008	26.01323691	42.31743235	-31.73301539	0.614716807	NA	4.1
"77"	0.37241187	NA	NA	NA	""	"Graded"	""	16	NA	20.4	NA	20.21292796	NA	-65.03296044	15.56396519	1.34099359	1038.818359	6604.614258	18.14529885	48.15616106	-6.852037375	0.376801191	133.92	8.1
"78"	1.882905188	NA	NA	NA	""	"Transient"	""	12	NA	5.7	4.85	121.0846488	NA	-64.78881981	41.53442476	0.116834512	1120.605469	3651.733398	19.57389466	26.62584896	-68.42072028	0.735146312	NA	NA
"79"	0.741632549	NA	NA	NA	""	"Graded"	""	9	NA	27.5	NA	40.35428921	NA	-59.78393688	34.82055742	1.015463218	188.5986328	1264.648438	3.294299263	9.220919115	-11.79489033	0.357263655	126.77	16.7
"80"	0.42157986	NA	NA	NA	""	"Graded"	""	14	NA	10	NA	80.70546683	-57.891847	-62.46948382	28.77807682	0.448614422	651.2451172	2502.441406	11.37546056	18.2460272	-29.09262941	0.623448624	136	11.4
"81"	3.436217649	NA	NA	NA	""	"Intermediate"	""	15	NA	22	14.25	30.21766669	-44.0673838	-69.45800937	59.11255015	1.298961377	426.0253906	1998.901367	7.441491539	14.57457051	-33.05542092	0.510580503	NA	20.7
"82"	0.353340165	NA	NA	NA	""	"Graded"	""	15	NA	7.7	NA	100.8137973	-48.18725694	-52.52075313	23.16284231	0.163981275	776.3671875	3719.482422	13.56099891	27.11982677	-24.93658039	0.500040027	179.33	8
"83"	0.22	3065.2	2837.5	2	"Type I"	"Graded"	"P"	8	-0.02	16.4	NA	70	-45.35	-58.87	23.19	0.267	681.1523438	3912.353516	11.89785753	28.52610594	-43.09263314	0.417086635	NA	16.4
"84"	1.861025918	3560.2	3127.4	6	"Type I"	"Transient"	"M"	4	0.13	10.8	11.84	60.52030388	-52.85644649	-56.42700321	48.58398546	0.347238572	395.5078125	3535.766602	6.908433406	25.78030136	-0.752670805	0.267973338	115.01	10
"85"	3.102167949	3123.2	3004.2	NA	"Type I"	"Intermediate"	"M"	4	0.2	12.1	11.3	40.44237132	-42.87719822	-56.94580205	54.74853638	0.547969292	351.5625	4143.676758	6.140829694	30.21275089	10.06196315	0.203252915	280.91	11.3
"86"	0.20161968	NA	NA	NA	"Type I"	"Transient"	"M"	7	0.45	NA	NA	110.9528134	-42.75512791	-50.47607535	15.71655309	0.084572152	1002.807617	6765.74707	17.51629026	49.3310272	-21.58853889	0.355076536	NA	7.5
"87"	0.331919225	NA	NA	NA	""	"Graded"	""	7	NA	7	NA	110.8053716	-53.40576291	-59.44824352	27.80151429	0.319954989	1033.325195	5908.203125	18.04934839	43.07842519	-12.64935087	0.41898812	213.47	6.7
"88"	0.584047643	NA	NA	NA	""	"Graded"	""	2	NA	21.2	NA	30.31364746	NA	-48.43139757	29.99877997	2.105476593	130.0048828	1005.859375	2.270827647	7.334012884	-11.60970724	0.309629623	92.45	NA
"89"	0.779185542	NA	NA	NA	""	"Graded"	""	4	NA	53.8	NA	20.10521887	NA	-45.53222758	22.97973684	0.745973799	250.2441406	2087.402344	4.371076692	15.21985683	33.22690082	0.287195651	51.69	NA
"90"	1.760751546	NA	NA	NA	""	"Transient"	""	4	NA	19.9	12.1	60.53059608	-52.85644649	-57.25097784	44.61670022	0.477332612	NA	NA	NA	NA	NA	NA	419.33	13.2
"91"	0.19524335	NA	NA	NA	""	"Graded"	""	5	NA	11.8	NA	70.5688443	NA	-19.83642622	15.99121129	0.142429351	75.68359375	2991.943359	1.32198417	21.81512813	1.868908766	0.060599423	142.25	NA
"92"	0.476579872	3402.1	3451.5	2	"Type I"	"Graded"	"M"	5	NA	NA	NA	80.8251436	-45.9289561	-51.48315545	26.55029356	0.344856662	355.8349609	5491.943359	6.215457833	40.04335433	36.33338154	0.155218211	655.53	13.2
"93"	2.034672553	4564.2	4091.8	2	"Type I"	"Transient"	"M"	8	0.45	9.1	6.18	60.43916303	-60.60791151	-64.30053855	38.8793954	0.31952765	893.5546875	5770.263672	15.60794214	42.07266857	-6.133983315	0.370975806	NA	8.2
"94"	0.46526319	4301.8	3679.2	1	"Type I"	"Graded"	"M"	8	0.32	6.1	NA	110.9391702	-57.58667121	-63.75122213	30.91430733	0.311739413	1005.249023	4789.428711	17.55893491	34.92111596	-35.29749436	0.502817119	NA	5.8
"95"	0.165066698	NA	NA	NA	""	"Graded"	""	8	NA	8.2	NA	70.51738329	NA	-62.44	8.300781436	0.085139729	767.2119141	5323.486328	13.40108147	38.81508518	NA	0.345254465	282.32	8.3
"96"	3.687298428	NA	NA	NA	""	"Transient"	""	8	NA	9.2	7.65	50.36788402	-57.70874152	-60.63842909	55.90820437	0.677201843	554.1992188	4779.663086	9.680335699	34.84991195	8.598226955	0.277772171	NA	NA
"97"	2.878144143	NA	NA	NA	""	"Transient"	""	10	NA	7.1	5.97	70.7641568	-61.12671035	-65.76538233	46.38671979	0.310482772	795.8984375	3635.253906	13.90215611	26.50569219	-39.75449097	0.524497003	64.66	NA
"98"	4.455799974	3357.5	3151.9	1	"Type I"	"Transient"	"M"	10	0.439	12.1	6.52	70.80915526	-63.3544936	-65.33813623	65.64331201	0.40163838	716.5527344	4598.999023	12.51620497	33.53263779	-26.4814386	0.373254411	NA	11
"99"	0.944533923	1690	1099	3	"Type I"	"Graded"	"M"	8	NA	NA	NA	70.67727146	-69.30542147	-71.62475746	56.45752079	1.346108827	193.4814453	1564.331055	3.379588564	11.40599212	-9.643942931	0.296299395	245.79	21.6
"100"	1.167986438	6461.2	5931.4	2	"Type I"	"Transient"	"M"	8	0.28	10.7	7	100.798718	-56.33545048	-61.79809708	38.97094814	0.257730603	1035.15625	8669.433594	18.08133188	63.21135862	0.457887107	0.286045614	365.58	8.6
"101"	NA	NA	NA	NA	"Type II"	""	"T"	8	NA	NA	NA	NA	NA	NA	NA	NA	NA	NA	NA	NA	NA	NA	NA	NA
"102"	0.139832001	NA	NA	NA	""	"Graded"	""	12	NA	4.6	NA	80.83950482	-61.3403334	-64.75830223	9.063720906	0.122832049	1120.605469	3651.733398	19.57389466	26.62584896	-68.42072028	0.735146312	NA	3.4
"103"	0.428612042	NA	NA	NA	""	"Graded"	""	3	NA	NA	NA	131.154013	-8.331299014	-15.13671909	40.49682708	0.232688279	134.8876953	1126.708984	2.356116949	8.21516249	-34.07270659	0.286801016	NA	NA
"104"	0.580324546	NA	NA	7	"Type I"	"Graded"	"M"	4	0.08	12.8	NA	70.80149595	-44.15893653	-46.90551863	25.75683651	0.316406745	256.3476563	2014.770508	4.477688319	14.69027702	-9.968583004	0.304806255	102.22	10.3
"105"	0.16521771	NA	NA	NA	""	"Graded"	""	4	NA	52.6	NA	20.39746954	-28.07	-18.49365276	4.760742294	0.112124978	256.9580078	2599.487305	4.488349481	18.95361703	-4.395096276	0.236807015	NA	NA
"106"	0.384610844	NA	NA	NA	""	"Graded"	""	8	NA	NA	NA	20.2627135	NA	-65.61279444	9.338379115	0.796092476	656.7382813	2832.641602	11.47141103	20.65361274	-25.09419774	0.555419101	NA	31
"107"	0.181516207	NA	NA	NA	""	"Graded"	""	5	NA	58.4	NA	90.88613041	NA	-55.88	11.53564479	0.07785138	87.28027344	2881.469727	1.524546261	21.00963278	-19.56313586	0.072564156	202.47	15.8
"108"	0.560766033	NA	NA	NA	""	"Graded"	""	5	NA	18.3	NA	40.45290287	NA	-55.66406374	24.29199273	0.714054207	376.5869141	2816.162109	6.577937364	20.53345597	-8.575858362	0.320352179	84.16	NA
"109"	0.232061619	NA	NA	NA	""	"Graded"	""	7	NA	12.1	NA	90.93807013	-50.23193472	-53.25317502	17.8527836	0.229880309	620.1171875	5142.822266	10.83174127	37.49781102	-2.628323083	0.288863296	161.31	8.9
"110"	0.460818169	NA	NA	NA	""	"Graded"	""	7	NA	13.3	NA	70.73351954	-44.61670022	-46.75293073	27.58789124	0.376493423	455.9326172	3311.157227	7.96388851	24.14260916	-8.732233374	0.329868593	221.72	14.1
"111"	NA	NA	NA	NA	""	"Graded"	""	9	NA	NA	NA	70.2	NA	-65.7	NA	NA	1229.248047	6370.849609	21.4715816	46.4517151	-19.6035193	0.46223442	NA	8.1
"112"	0.358733905	2803.3	2113.6	4	"Type I"	"Graded"	"P"	6	-0.15	23.7	NA	60.69862227	-41.96167086	-58.59375131	21.33178759	0.320743679	380.859375	2281.494141	6.652565502	16.6350365	-11.04964927	0.399912889	59.83	15.4
"113"	3.179739248	3270	3167	5	"Type I"	"Transient"	"M"	6	0.29	18.5	18.67	50.46242867	-41.41235444	-61.64550919	50.81176871	0.498420155	349.1210938	4251.708984	6.098185044	31.00044524	3.767187636	0.196712821	260.89	17.6
"114"	NA	NA	NA	NA	""	"Graded"	""	5	NA	NA	NA	NA	NA	NA	NA	NA	181.2744141	1006.469727	3.166365311	7.338463134	-14.19574458	0.431475263	51.7	NA
"115"	2.918972816	NA	NA	NA	""	"Transient"	""	5	NA	25.5	11.1	30.38593223	-37.62817467	-54.22973754	43.70117285	0.484252033	203.2470703	3012.695313	3.550167167	21.96643665	9.288614905	0.1616178	NA	NA
"116"	0.820194682	NA	NA	NA	""	"Graded"	""	3	NA	29.1	NA	30.58220213	NA	-53.92456175	23.59008842	0.997112879	92.7734375	1221.313477	1.620496725	8.904951323	-1.162703098	0.181977045	136.15	NA
"117"	0.657998048	NA	NA	NA	"Type I"	"Graded"	"M"	3	NA	33.9	NA	20.21651826	NA	-54.35180786	17.97485392	0.599092636	274.0478516	1513.671875	4.786862036	11.03662133	-12.36941408	0.433725313	49.07	16.8
"118"	0.579780056	2358	2091	6	"Type I"	"Graded"	"M"	4	0.028	20.1	NA	70.66338895	-55.81665164	-56.85424932	27.46582093	0.340130721	319.2138672	2489.013672	5.575788073	18.14812169	-7.787419507	0.30723775	127.76	18.8
"119"	2.743829809	1980	1668	6	"Type I"	"Intermediate"	"M"	4	0	22.8	28.24	40.70518151	-33.44726637	-55.60302859	46.53930768	0.423253965	314.3310547	2517.089844	5.490498772	18.35283321	-6.192703023	0.299163552	NA	22
"120"	1.331717857	3936.2	3665	7	"Type I"	"Graded"	"M"	4	0.2	10	NA	70.46448616	-38.81836024	-42.69409275	16.9982914	0.115706701	557.8613281	5186.157227	9.744302675	37.81377881	6.10742654	0.257691852	NA	9.5
"121"	4.898305427	4229	3623	6	"Type I"	"Transient"	"M"	3	0.26	10.4	8.55	70.65525093	-59.26513804	-63.69018697	69.27490389	0.483004281	651.8554688	4879.760742	11.38612172	35.57975304	-6.889039805	0.320016885	257.45	9.3
"122"	NA	NA	NA	NA	""	""	""	3	NA	15.2	NA	NA	NA	NA	NA	NA	139.71	1746.58	NA	NA	NA	NA	NA	NA
"123"	1.835827344	4853	4296.9	2	"Type I"	"Transient"	"M"	6	0.29	7.1	8.78	100.9796693	-56.15234501	-63.41552876	44.46411232	0.183442544	869.140625	6138.916016	15.18149563	44.76061989	2.254614218	0.339170808	180.38	6.1
"124"	NA	NA	NA	NA	"Type I"	""	"M"	9	NA	9	NA	NA	NA	NA	NA	NA	230.103	3394.17	4.09	21.58	NA	0.18952734	NA	NA
"125"	NA	NA	NA	NA	""	""	""	6	NA	9.6	NA	NA	NA	NA	NA	0.38	407.72	6628.42	7.1	42.15	NA	0.168446026	NA	NA
"126"	NA	NA	NA	NA	""	""	""	6	NA	8.9	NA	NA	NA	NA	NA	0.34	446.77	4202.88	7.79	26.72	NA	0.291541916	NA	NA
"127"	0.15	3272	2871.7	NA	"Type I"	"Graded"	"P"	6	-0.15	22.7	NA	80	-44.04	-49.9	16.17	0.21	612.7929688	3723.754883	10.70380731	27.15097852	-14.91735602	0.394232838	167.97	22.7
"128"	0.22	2376	1938	NA	"Type I"	"Graded"	"P"	6	-0.14	20.1	NA	50	-45.75	-52.98	9.19	0.22	472.4121094	2896.728516	8.251739902	21.12088905	-11.23454536	0.390690936	NA	20.1
"129"	0.516955436	3991.7	3391.7	3	"Type I"	"Graded"	"P"	7	-0.137	17.5	NA	70.47573578	-55.63354617	-58.44116342	23.13232474	0.262517038	461.4257813	4849.243164	8.059838974	35.35724051	22.70661653	0.227954412	155.46	16.5
"130"	NA	NA	NA	NA	"Type I"	""	"M"	NA	NA	NA	NA	NA	NA	NA	NA	NA	NA	NA	NA	NA	NA	NA	NA	NA
"131"	3.600423831	NA	NA	NA	""	"Intermediate"	""	5	NA	14.7	16.89	30.48670007	-39.09301845	-52.39868281	53.03955197	0.578916452	316.7724609	4310.302734	5.533143422	31.42766929	23.45396006	0.176059617	NA	10.3
"132"	0.424979793	NA	NA	NA	""	"Graded"	""	5	NA	15.5	NA	80.70163717	-44.12841896	-47.57690536	23.77319389	0.269410939	671.3867188	2130.737305	11.72727893	15.53582462	-25.24010313	0.754853972	117.67	16.1
"133"	2.528851946	1531	1331	2	"Type I"	"Transient"	"M"	6	0.22	19.3	17.39	40.51513479	-27.74047914	-53.55835081	44.55566506	0.856972068	277.7099609	1992.797852	4.850829012	14.530068	-1.729224511	0.333847647	72.84	13.2
"134"	1.832629832	1504.5	1313.5	3	"Type I"	"Intermediate"	"P"	6	-0.1	15.5	10.81	50.51317162	-60.08911267	-66.00952296	44.15893653	0.374668172	354.0039063	1959.228516	6.183474345	14.28530422	-15.01399753	0.432855629	NA	16.1
"135"	0.569439865	1233	1072.4	5	"Type I"	"Graded"	"M"	3	0.18	19.9	NA	30.36080011	-31.8	-52.42920039	20.62988327	0.408785671	441.8945313	1447.753906	7.718681769	10.55599427	-24.62669272	0.731213145	207.82	14.1
"136"	1.328156043	2630.6	1922	11	"Type I"	"Graded"	"P"	3	-0.32	26	NA	50.69723449	-45.89843853	-50.90332145	70.15991368	0.988941216	433.9599609	2415.771484	7.580086654	17.61409162	-13.40828858	0.430342184	75.62	25
"137"	0.427055107	NA	NA	NA	""	"Graded"	""	4	NA	34.1	NA	20.391007	NA	-49.40796009	13.03100615	0.337442565	455.9326172	1121.21582	7.96388851	8.175110235	-29.12982793	0.974162829	129.55	26.46
"138"	0.3	604	393	NA	"Type II"	"Graded"	"T"	7	NA	30.7	NA	80	NA	-37	NA	0.75	93.99414063	469.3603516	1.64181905	3.422242662	-43.04806888	0.479749454	73.46	27.8
"139"	0.675206375	1866	1014	NA	"Type II"	"Graded"	"T"	3	NA	18.4	NA	60.90159407	-53.1311047	-57.92236458	39.97802824	0.759575569	295.4101563	1730.34668	5.160002729	12.61646027	-13.48586867	0.408989734	100.75	15.3
"140"	0.455261531	965	534	NA	"Type II"	"Graded"	"T"	3	NA	18.3	NA	50.73983943	NA	-49.95727651	19.34814496	0.330811786	144.6533203	601.1962891	2.526695551	4.383496778	-27.82915668	0.576410952	59.43	17.3
"141"	0.545322031	1012	819.7	NA	"Type II"	"Graded"	"T"	7	NA	39.2	NA	30.36343299	NA	-49.71313588	18.92089886	0.520339969	180.0537109	1029.663086	3.145042986	7.507572655	-13.88190143	0.418916091	102.74	19.2
"142"	0.236498554	2235	2064.8	NA	"Type I"	"Graded"	"M"	7	NA	46.6	NA	30.3165197	NA	-53.00903439	8.270263857	0.173828188	508.4228516	2952.270508	8.880748499	21.52586184	NA	0.412561809	NA	10.4
"143"	NA	NA	NA	NA	"Type I"	""	"M"	4	NA	NA	NA	NA	NA	NA	NA	NA	NA	NA	NA	NA	NA	NA	NA	NA
"144"	0.58048488	1595	1200	NA	"Type I"	"Graded"	"P"	4	0	18	NA	70.84410088	-44.95239358	-45.77636821	27.55737366	0.444273927	293.5791016	1246.948242	5.128019241	9.091861846	-19.31113687	0.564023005	60.43	17
"145"	0.49190744	746	524	NA	"Type II"	"Graded"	"T"	4	NA	21.7	NA	111.2151448	-36.01074299	-42.51098728	50.47607535	0.565809064	128.7841797	631.1035156	2.249505322	4.601559055	-21.84099824	0.48885721	79.17	22.9
"146"	0.298080123	NA	NA	2	"Type I"	"Graded"	"P"	8	-0.1	19.1	NA	40.56515968	-52.52075313	-61.18774551	11.71875026	0.271580678	422.3632813	2698.974609	7.377524563	19.67900787	-7.411407184	0.374893115	52.51	16.4
"147"	NA	NA	NA	NA	""	""	""	5	NA	NA	NA	NA	NA	NA	NA	NA	NA	NA	NA	NA	NA	NA	NA	NA
"148"	0.156	NA	NA	NA	""	"Graded"	""	6	-0.1	10	10.45	NA	NA	-59.5	NA	0.237	419.3	5105.6	7.32	32.46	NA	0.225508318	254.1	NA
"149"	2.31	NA	NA	NA	""	"Transient"	""	9	NA	7.5	20.03	60	-46.23	-68.9	35.37	0.709	278.9307	5148.9	4.8722	80.2409	-1.3347	0.060719658	164.74	NA
"150"	1.9	NA	NA	NA	""	"Intermediate"	""	4	NA	28.4	20.38	35	-41.5	-58.1	30.85	0.672	96.4	3184.2	1.68	20.25	NA	0.082962963	308.9	NA
"151"	3.4	NA	NA	NA	""	"Transient"	""	4	NA	14.1	12.92	55	-44.7	-65.98	40.47	0.361	148.3	3621.8	2.58	23	NA	0.112173913	72.25	NA
"152"	NA	NA	NA	NA	""	"Transient"	""	5	NA	12.9	11.73	NA	-47.12	-59.63	23.28	1.83	NA	NA	NA	NA	NA	NA	NA	NA
"153"	NA	NA	NA	NA	""	"Graded"	""	5	NA	NA	NA	NA	NA	NA	NA	0.179	90.3	2835.1	1.57	18	NA	0.087222222	292.13	NA
"154"	NA	NA	NA	NA	""	"Transient"	""	5	NA	14.4	16.16	20	-50	-61.49	31.71	1.36	103.1	1358.6	1.79	8.62	NA	0.207656613	NA	NA
"155"	10.4	NA	NA	NA	""	"Transient"	""	5	NA	23.2	20.42	30	-41.6	-67.26	69.09	0.8	101.3	2859.5	1.76	18.15	NA	0.096969697	185.8	NA
"156"	3.7	NA	NA	NA	"Type II"	"Intermediate"	"T"	6	NA	34.4	81.7	25	-41.99	-62.38	38.09	1.6	68.4	1859.1	1.19	11.8	NA	0.100847458	78.78	NA
"157"	NA	NA	NA	NA	""	""	""	7	NA	NA	NA	NA	NA	NA	NA	NA	199.6	2108.8	3.47	13.39	NA	0.259148618	NA	NA
"158"	NA	NA	NA	NA	""	""	""	7	NA	NA	NA	NA	NA	NA	NA	0.557	267.9	4972.5	4.66	31.57	NA	0.147608489	NA	NA
"159"	NA	NA	NA	NA	""	""	""	7	NA	NA	NA	NA	NA	NA	NA	0.91	65.9	5974.1	1.15	37.93	NA	0.030319009	NA	NA
"160"	6.88	NA	NA	NA	""	"Transient"	""	7	NA	18.9	15.14	30.5	-48.9	-67.3	50.42	1.29	216.7	4293.2	3.77	27.28	NA	0.138196481	NA	NA
